11 33
0.0  7.064D-01  4.540D-05  2.735D-01  7.605D-11  2.856D-09  3.425D-03  4.156D-05  1.059D-03  4.171D-06  9.624D-03  3.813D-06  2.171D-05  5.611D-07  1.818D-03  4.575D-06  1.470D-04  4.000D-05  5.862D-04  7.733D-05  8.848D-05  1.700D-04  3.966D-03  6.806D-05  7.454D-03  0.000D+00  0.000D+00  0.000D+00  0.000D+00  0.000D+00  0.000D+00  0.000D+00  0.000D+00  0.000D+00
0.0  0.000D+00  0.000D+00  0.000D+00  0.000D+00  0.000D+00  0.000D+00  0.000D+00  5.000D-01  0.000D+00  0.000D+00  0.000D+00  0.000D+00  0.000D+00  0.000D+00  5.000D-01  0.000D+00  0.000D+00  0.000D+00  0.000D+00  0.000D+00  0.000D+00  0.000D+00  0.000D+00  0.000D+00  0.000D+00  0.000D+00  0.000D+00  0.000D+00  0.000D+00  0.000D+00  0.000D+00  0.000D+00  0.000D+00
0.1  0.000D+00  0.000D+00  0.000D+00  0.000D+00  0.000D+00  0.000D+00  0.000D+00  5.000D-01  0.000D+00  0.000D+00  0.000D+00  0.000D+00  0.000D+00  0.000D+00  5.000D-01  0.000D+00  0.000D+00  0.000D+00  0.000D+00  0.000D+00  0.000D+00  0.000D+00  0.000D+00  0.000D+00  0.000D+00  0.000D+00  0.000D+00  0.000D+00  0.000D+00  0.000D+00  0.000D+00  0.000D+00  0.000D+00
0.2  0.000D+00  0.000D+00  0.000D+00  0.000D+00  0.000D+00  0.000D+00  0.000D+00  5.000D-01  0.000D+00  0.000D+00  0.000D+00  0.000D+00  0.000D+00  0.000D+00  5.000D-01  0.000D+00  0.000D+00  0.000D+00  0.000D+00  0.000D+00  0.000D+00  0.000D+00  0.000D+00  0.000D+00  0.000D+00  0.000D+00  0.000D+00  0.000D+00  0.000D+00  0.000D+00  0.000D+00  0.000D+00  0.000D+00
0.3  0.000D+00  0.000D+00  0.000D+00  0.000D+00  0.000D+00  0.000D+00  0.000D+00  5.000D-01  0.000D+00  0.000D+00  0.000D+00  0.000D+00  0.000D+00  0.000D+00  5.000D-01  0.000D+00  0.000D+00  0.000D+00  0.000D+00  0.000D+00  0.000D+00  0.000D+00  0.000D+00  0.000D+00  0.000D+00  0.000D+00  0.000D+00  0.000D+00  0.000D+00  0.000D+00  0.000D+00  0.000D+00  0.000D+00
0.4  0.000D+00  0.000D+00  0.000D+00  0.000D+00  0.000D+00  0.000D+00  0.000D+00  5.000D-01  0.000D+00  0.000D+00  0.000D+00  0.000D+00  0.000D+00  0.000D+00  5.000D-01  0.000D+00  0.000D+00  0.000D+00  0.000D+00  0.000D+00  0.000D+00  0.000D+00  0.000D+00  0.000D+00  0.000D+00  0.000D+00  0.000D+00  0.000D+00  0.000D+00  0.000D+00  0.000D+00  0.000D+00  0.000D+00
0.5  0.000D+00  0.000D+00  0.000D+00  0.000D+00  0.000D+00  0.000D+00  0.000D+00  5.000D-01  0.000D+00  0.000D+00  0.000D+00  0.000D+00  0.000D+00  0.000D+00  5.000D-01  0.000D+00  0.000D+00  0.000D+00  0.000D+00  0.000D+00  0.000D+00  0.000D+00  0.000D+00  0.000D+00  0.000D+00  0.000D+00  0.000D+00  0.000D+00  0.000D+00  0.000D+00  0.000D+00  0.000D+00  0.000D+00
0.6  0.000D+00  0.000D+00  0.000D+00  0.000D+00  0.000D+00  0.000D+00  0.000D+00  5.000D-01  0.000D+00  0.000D+00  0.000D+00  0.000D+00  0.000D+00  0.000D+00  5.000D-01  0.000D+00  0.000D+00  0.000D+00  0.000D+00  0.000D+00  0.000D+00  0.000D+00  0.000D+00  0.000D+00  0.000D+00  0.000D+00  0.000D+00  0.000D+00  0.000D+00  0.000D+00  0.000D+00  0.000D+00  0.000D+00
0.7  0.000D+00  0.000D+00  0.000D+00  0.000D+00  0.000D+00  0.000D+00  0.000D+00  5.000D-01  0.000D+00  0.000D+00  0.000D+00  0.000D+00  0.000D+00  0.000D+00  5.000D-01  0.000D+00  0.000D+00  0.000D+00  0.000D+00  0.000D+00  0.000D+00  0.000D+00  0.000D+00  0.000D+00  0.000D+00  0.000D+00  0.000D+00  0.000D+00  0.000D+00  0.000D+00  0.000D+00  0.000D+00  0.000D+00
0.8  0.000D+00  0.000D+00  0.000D+00  0.000D+00  0.000D+00  0.000D+00  0.000D+00  5.000D-01  0.000D+00  0.000D+00  0.000D+00  0.000D+00  0.000D+00  0.000D+00  5.000D-01  0.000D+00  0.000D+00  0.000D+00  0.000D+00  0.000D+00  0.000D+00  0.000D+00  0.000D+00  0.000D+00  0.000D+00  0.000D+00  0.000D+00  0.000D+00  0.000D+00  0.000D+00  0.000D+00  0.000D+00  0.000D+00
0.9  0.000D+00  0.000D+00  0.000D+00  0.000D+00  0.000D+00  0.000D+00  0.000D+00  5.000D-01  0.000D+00  0.000D+00  0.000D+00  0.000D+00  0.000D+00  0.000D+00  5.000D-01  0.000D+00  0.000D+00  0.000D+00  0.000D+00  0.000D+00  0.000D+00  0.000D+00  0.000D+00  0.000D+00  0.000D+00  0.000D+00  0.000D+00  0.000D+00  0.000D+00  0.000D+00  0.000D+00  0.000D+00  0.000D+00
1.0  0.000D+00  0.000D+00  0.000D+00  0.000D+00  0.000D+00  0.000D+00  0.000D+00  5.000D-01  0.000D+00  0.000D+00  0.000D+00  0.000D+00  0.000D+00  0.000D+00  5.000D-01  0.000D+00  0.000D+00  0.000D+00  0.000D+00  0.000D+00  0.000D+00  0.000D+00  0.000D+00  0.000D+00  0.000D+00  0.000D+00  0.000D+00  0.000D+00  0.000D+00  0.000D+00  0.000D+00  0.000D+00  0.000D+00
